255
255
255
255
0
0
2
1
0
2
1
1
0
1
1
0
1
1
0
0
2
1
3
0
1
1
1
1
1
1
1
2
0
0
1
7
1
0
1
1
0
1
1
11
0
0
0
0
2
1
0
2
0
0
1
0
1
1
1
8
0
0
0
1
0
0
0
12
0
0
0
0
1
0
0
0
1
0
1
0
2
0
1
14
0
1
1
1
1
1
0
3
0
1
0
3
1
1
0
10
1
0
1
1
0
1
1
5
1
1
1
3
1
1
0
4
1
1
1
0
0
2
1
2
0
1
0
4
0
2
1
19
1
0
1
0
0
1
1
1
1
1
1
0
2
1
1
6
0
0
3
1
1
1
1
1
1
1
1
3
1
1
0
12
1
0
1
1
0
1
1
11
1
0
0
0
2
2
0
4
1
0
1
1
0
0
0
6
0
1
0
4
0
1
1
11
1
0
0
0
0
0
0
5
1
0
1
0
2
0
0
8
0
0
0
1
1
1
1
6
1
1
0
2
1
0
1
7
1
0
1
0
0
1
1
2
1
1
1
4
0
0
1
3
1
2
1
0
1
2
0
0
0
2
1
1
1
1
0
25
126
126
123
125
129
124
125
126
123
126
120
125
118
116
119
118
119
117
118
118
121
125
121
119
121
119
125
119
118
118
117
122
118
114
118
114
116
121
120
116
126
121
120
125
129
128
131
127
127
128
126
128
124
124
127
128
125
132
130
130
128
128
129
126
132
125
121
124
123
126
125
128
130
131
128
134
137
137
137
140
135
136
130
132
130
133
125
127
122
122
124
124
123
126
127
129
128
125
131
128
132
130
128
127
132
127
128
129
122
124
127
126
129
130
131
140
139
144
139
136
142
138
138
139
133
132
135
137
134
134
132
136
136
140
141
136
131
131
127
130
132
126
129
126
127
130
130
128
125
133
134
138
135
135
137
136
137
136
140
132
132
132
132
132
132
132
132
132
132
132
132
132
132
132
132
132
132
132
132
132
132
132
132
132
132
132
132
132
132
132
132
132
132
132
132
132